Table 1. Number and Capacity of Operable Petroleum Refineries by PAD District and State as of January 1, 2026

                                                                                                                                                                          Atmospheric Crude Oil Distillation Capacity
                                                                  Number of                                                                         Barrels per                                                                              Barrels per
        PAD District
                                                         Operable Refineries                                                                       Calendar Day                                                                              Stream Day
                and
               State                              Total                  Operating                    Idle a               Total                    Operating                       Idle b                   Total                       Operating                            Idle b

 ...............................................................................................................................................
 PAD District I                                                8                       7                        1                     928,300                 896,300                 32,000                     982,900                           947,900                      35,000

       Delaware......................................1
       ................................................................................................................................................................................................................................................................................................
                                                                                    1                       0                    171,000                      171,000                          0                  180,000                          180,000                               0
       New Jersey......................................
       ................................................................................................................................................................................................................................................................................................
                                                           3                        2                       1                    467,000                      435,000                 32,000                      490,100                          455,100                      35,000
       Pennsylvania......................................
       ................................................................................................................................................................................................................................................................................................
                                                           3                        3                       0                    268,000                      268,000                          0                  289,800                          289,800                               0
       West Virginia......................................
       ................................................................................................................................................................................................................................................................................................
                                                           1                        1                       0                      22,300                       22,300                         0                    23,000                           23,000                              0

 PAD District II
 ...............................................................................................................................................
                                                             25                      25                         0                  4,282,670               4,282,670                           0              4,514,939                          4,514,939                              0

       Illinois...................................... 4
       ................................................................................................................................................................................................................................................................................................
                                                                                    4                       0                 1,053,023                    1,053,023                           0               1,113,919                         1,113,919                               0
       Indiana...................................... 2
       ................................................................................................................................................................................................................................................................................................
                                                                                    2                       0                    471,700                      471,700                          0                  477,900                          477,900                               0
       ................................................................................................................................................................................................................................................................................................
       Kansas...................................... 3                               3                       0                    413,000                      413,000                          0                  423,600                          423,600                               0
       Kentucky......................................1
       ................................................................................................................................................................................................................................................................................................
                                                                                    1                       0                    307,000                      307,000                          0                  324,000                          324,000                               0
       Michigan......................................1
       ................................................................................................................................................................................................................................................................................................
                                                                                    1                       0                    146,000                      146,000                          0                  154,000                          154,000                               0
       Minnesota......................................
       ................................................................................................................................................................................................................................................................................................
                                                           2                        2                       0                    440,000                      440,000                          0                  486,000                          486,000                               0
       North Dakota......................................
       ................................................................................................................................................................................................................................................................................................
                                                           1                        1                       0                      72,000                       72,000                         0                    76,500                           76,500                              0
       Ohio......................................
       ................................................................................................................................................................................................................................................................................................
                                                           4                        4                       0                    606,600                      606,600                          0                  630,000                          630,000                               0
       Oklahoma......................................
       ................................................................................................................................................................................................................................................................................................
                                                           5                        5                       0                    543,800                      543,800                          0                  574,020                          574,020                               0
       Tennessee......................................
       ................................................................................................................................................................................................................................................................................................
                                                           1                        1                       0                    180,000                      180,000                          0                  205,000                          205,000                               0
       Wisconsin......................................
       ................................................................................................................................................................................................................................................................................................
                                                           1                        1                       0                      49,547                       49,547                         0                    50,000                           50,000                              0

 PAD District III
 ...............................................................................................................................................
                                                             58                      58                         0                  9,876,563               9,876,563                           0            10,420,397                         10,420,397                               0

       Alabama...................................... 3
       ................................................................................................................................................................................................................................................................................................
                                                                                    3                       0                    142,100                      142,100                          0                  148,700                          148,700                               0
       Arkansas......................................2
       ................................................................................................................................................................................................................................................................................................
                                                                                    2                       0                      90,500                       90,500                         0                    92,700                           92,700                              0
       Louisiana......................................
       ................................................................................................................................................................................................................................................................................................
                                                         15                       15                        0                 3,005,373                    3,005,373                           0               3,170,255                        3,170,255                                0
       Mississippi......................................
       ................................................................................................................................................................................................................................................................................................
                                                           3                        3                       0                    393,940                      393,940                          0                  415,000                          415,000                               0
       ................................................................................................................................................................................................................................................................................................
       New Mexico......................................    1                        1                       0                    110,000                      110,000                          0                  124,000                          124,000                               0
       Texas...................................... 34
       ................................................................................................................................................................................................................................................................................................
                                                                                  34                        0                 6,134,650                    6,134,650                           0               6,469,742                        6,469,742                                0

 PAD District IV
 ...............................................................................................................................................
                                                             15                      15                         0                     653,089                 653,089                          0                 705,800                           705,800                              0

       Colorado......................................2
       ................................................................................................................................................................................................................................................................................................
                                                                                    2                       0                    103,000                      103,000                          0                   111,700                          111,700                              0
       Montana...................................... 4
       ................................................................................................................................................................................................................................................................................................
                                                                                    4                       0                    210,000                      210,000                          0                  218,800                          218,800                               0
       Utah......................................
       ................................................................................................................................................................................................................................................................................................
                                                           5                        5                       0                    213,089                      213,089                          0                  227,700                          227,700                               0
       ................................................................................................................................................................................................................................................................................................
       Wyoming......................................4                               4                       0                    127,000                      127,000                          0                  147,600                          147,600                               0

 PAD District V
 ...............................................................................................................................................
                                                             24                      23                         1                  2,419,871               2,417,871                    2,000                 2,533,138                          2,528,138                        5,000

       Alaska...................................... 5
       ................................................................................................................................................................................................................................................................................................
                                                                                    5                       0                    177,000                      177,000                          0                  186,600                          186,600                               0
       California......................................
       ................................................................................................................................................................................................................................................................................................
                                                         12                       12                        0                 1,499,171                    1,499,171                           0               1,563,300                        1,563,300                                0
       Hawaii...................................... 1
       ................................................................................................................................................................................................................................................................................................
                                                                                    1                       0                      93,500                       93,500                         0                    95,000                           95,000                              0
       Nevada...................................... 1
       ................................................................................................................................................................................................................................................................................................
                                                                                    0                       1                        2,000                               0              2,000                         5,000                                    0                  5,000
       ................................................................................................................................................................................................................................................................................................
       Washington......................................    5                        5                       0                    648,200                      648,200                          0                  683,238                          683,238                               0

 ...............................................................................................................................................
 U.S. Total                                                130                     128                          2                18,160,493              18,126,493                   34,000                19,157,174                         19,117,174                       40,000




1                                                                                               Energy Information Administration, Refinery Capacity 2026
Table 1. Number and Capacity of Operable Petroleum Refineries by PAD District and State as of January 1, 2026

                                                                                                                         Downstream Charge Capacity (Barrels per Stream Day)

       PAD District                                                                                                                                 Catalytic                                                         Fuels
                                                                                                              Catalytic Cracking
               and                                   Vacuum                     Thermal                                                             Hydro-               Catalytic            Hydrotreating/          Solvent
             State                                Distillation                  Cracking                      Fresh                Recycled         Cracking            Reforming            Desulfurization       Deasphalting

........................................
PAD District I                                              391,200                        54,500                 300,000                 5,000               47,000            185,500                  785,297          22,000

    Delaware
    ...............................................................................................................................
                                                           104,600                        54,500                   82,000                 4,000              24,000              43,000                 180,300                   0
    New
    ...............................................................................................................................
           Jersey                                          165,000                                 0             140,000                        0                  0             71,600                 328,597           22,000
    Pennsylvania
    ...............................................................................................................................
                                                            113,000                                0               78,000                 1,000              23,000              66,200                 252,300                   0
    West
    ...............................................................................................................................
            Virginia                                           8,600                               0                        0                   0                  0                 4,700               24,100                   0

........................................
PAD District II                                           1,879,323                      603,040               1,364,558                  2,500              368,770            908,235                4,226,374          19,000

    Illinois
     ...............................................................................................................................
                                                            507,441                      207,910                  327,300                       0         107,770               252,330                 996,110                   0
    Indiana
     ...............................................................................................................................
                                                            290,780                      102,000                  186,000                       0                  0             73,900                 621,650                   0
    Kansas
    ...............................................................................................................................
                                                           168,200                        71,500                 105,700                      500            43,000              86,000                 413,200                   0
    Kentucky
    ...............................................................................................................................
                                                           134,000                                 0             109,000                        0                  0             59,000                 285,500           14,500
    Michigan
    ...............................................................................................................................
                                                             90,500                       40,500                   44,000                       0                  0             21,500                 140,000                   0
    Minnesota
    ...............................................................................................................................
                                                           285,000                        82,000                 127,000                        0            67,000              72,500                 439,500              4,500
    North
    ...............................................................................................................................
             Dakota                                                    0                           0               28,000                       0                  0             12,500                  62,100                   0
    Ohio
    ...............................................................................................................................
                                                           164,500                        62,100                 206,300                        0         110,500               172,300                 529,100                   0
    Oklahoma
    ...............................................................................................................................
                                                           209,802                        37,030                 149,935                  2,000              14,000             112,905                 566,714                   0
    Tennessee
     ...............................................................................................................................
                                                                        0                           0               70,000                      0            26,500              36,000                 132,000                   0
    Wisconsin
    ...............................................................................................................................
                                                             29,100                                0               11,323                       0                  0                 9,300               40,500                   0

........................................
PAD District III                                          4,609,562                   1,637,955                2,741,411                 16,500          1,427,200             1,868,010               9,160,079         244,500

    Alabama
    ...............................................................................................................................
                                                             54,000                       40,000                            0                   0            52,500              41,000                 127,700                   0
    Arkansas
    ...............................................................................................................................
                                                             48,850                                0               21,000                       0                  0             15,300                  98,750                   0
    Louisiana
    ...............................................................................................................................
                                                        1,562,400                       591,243                  953,441                  3,500           457,800               576,986               2,770,160           72,000
    Mississippi
    ...............................................................................................................................
                                                           358,875                      104,000                    88,700                       0         121,000               101,600                 308,500                   0
    New
    ...............................................................................................................................
           Mexico                                            34,300                                0               30,000                       0            18,000              24,000                 118,000           18,000
    Texas
     ...............................................................................................................................
                                                         2,551,137                       902,712               1,648,270                 13,000           777,900             1,109,124               5,736,969         154,500

........................................
PAD District IV                                             245,900                        76,050                 212,760                 1,000               37,200            122,000                  574,460              6,500

    Colorado
    ...............................................................................................................................
                                                             33,500                                0               30,000                     500                  0             21,900                  87,430                   0
    Montana
    ...............................................................................................................................
                                                           126,500                        46,050                   68,060                       0               6,200            36,100                 218,830                   0
    Utah
    ...............................................................................................................................
                                                             34,900                       10,000                   74,700                       0            15,000              38,600                 153,800              6,500
    Wyoming
    ...............................................................................................................................
                                                             51,000                       20,000                   40,000                     500            16,000              25,400                 114,400                   0

........................................
PAD District V                                            1,245,072                      458,200                  715,979                13,600              462,600            465,708                2,255,906          80,000

    Alaska
    ...............................................................................................................................
                                                             26,000                                0                        0                   0            13,500              13,500                  36,500                   0
    California
    ...............................................................................................................................
                                                           857,156                      360,400                  567,400                 13,600           364,100               295,300               1,669,800           56,000
    Hawaii
    ...............................................................................................................................
                                                             40,000                        11,000                           0                   0            20,000              13,500                  13,000                   0
    Nevada
    ...............................................................................................................................
                                                               2,750                               0                        0                   0                  0                    0                      0                  0
    Washington
    ...............................................................................................................................
                                                           319,166                        86,800                 148,579                        0            65,000             143,408                 536,606           24,000

........................................
U.S. Total                                                8,371,057                   2,829,745                5,334,708                 38,600          2,342,770             3,549,453              17,002,116         372,000




a
    Refineries where distillation units were completely idle but not permanently shutdown on January 1, 2026.
b
    Includes capacity from refineries that are either completely or partially idle.


Source: Energy Information Administration (EIA), Form EIA-820, "Annual Refinery Report."


                                                                                                Energy Information Administration, Refinery Capacity 2026                                                                2
