20034201
20033751
20033945
20034133
20034315
20034473
20034740
20034945
20035260
20035492
20034024
20034622
20034522
20020055
20034920
20034524
20033714
20033903
20034085
20034891
20035106
20035349
20033800
20033927
20034013
20034195
20034346
20034496
20035007
20035489
20034044
20034202
20035216
20034502
20034176
20034221
20034668
20035275
20033762
20033983
20034144
20034285
20034500
20034713
20034906
20035190
20035390
20034892
20033754
20033813
20033889
20034119
20034167
20034368
20034452
20034589
20034796
20035235
20035350
9116249
20033840
20035024
20034223
20033737
20033921
20034159
20034299
20034487
20034718
20034932
20035118
20035408
20033766
20033835
20034155
20034400
20034466
20034615
20034727
20035175
20035274
20035400
20033744
20034035
20034416
20034702
20034960
20035048
20033713
20034132
20034292
20034486
20034712
20034923
20035136
20035401
20033747
20033780
20033981
20034134
20034297
20034478
20034968
20035420
20034114
20034815
20034379
20034556
20034851
20033732
20033858
20034018
20034179
20034295
20034357
20034591
20034800
20034894
20035023
20035345
8221321
9115704
9115821
9116212
9116290
20034413
20033734
20033947
20034095
20034670
20034895
20034050
20035450
20034355
20034563
20035410
20033756
20033930
20034130
20034305
20034585
20034693
20034938
20035186
20035455
20033944
20035130
9115809
9115811
9115812
9115813
9115814
9115815
9115901
9116256
9116257
9116258
9116331
20033829
20034012
20034128
20034262
20034461
20034695
20035013
20035134
20035196
20035326
20033661
20035047
20034581
20033739
20033929
20034113
20034301
20034519
20034688
20034908
20035370
20034498
20034949
20034160
20033789
20034706
20035035
20033803
20033821
20034025
20034190
20034327
20034616
20034783
20035003
20035273
20035431
20033946
20034068
20034177
20034307
20034417
20034898
20035293
20033763
20033991
20034168
20034302
20034607
20034767
20034947
20035203
20035209
20035403
8221322
8221358
9115726
9115822
9116142
9116206
9116267
9116328
20033814
20034351
20034977
20033857
20034401
20034726
20035065
20034694
20034552
20034790
20030977
20034106
20034736
20033738
9116217
9116292
20033695
8221326
8221359
9115728
9115820
9116141
9116211
20033736
20033964
20034105
20035131
20034311
20033648
20034542
20034954
20035204
20033956
20034521
20034748
20034942
20035180
20035367
20034099
20035157
20034016
20034158
20034359
20034547
20034774
20033779
20033881
20034247
20034419
20034651
20034869
20035075
20033746
20033856
20034034
20034217
20034424
20034587
20034721
20034952
20035291
20033830
20033928
20033989
20034056
20034082
20034102
20034123
20034156
20034213
20034300
20034520
20034806
20034972
20035244
20033760
20034129
20034274
20034749
20034963
20035243
20033654
20034998
20033725
20034836
20035143
20033815
20034010
20034178
20034342
20034579
20034784
20034911
20035191
20035434
20033804
20033920
20034054
20034348
20035432
8221332
9115711
9115762
9115808
9116146
9116218
9116311
20035444
20035445
20033758
20033759
20034375
20034528
20034762
20035147
20035309
20035365
20033993
20034479
20034709
20034928
20035138
20035411
20033755
20032279
9116197
20033500
20035068
20035480
20035499
20034384
20033705
20033709
20034084
20034653
20035067
20019182
20034499
20034717
20034345
20034188
20034503
20034747
20033845
20033916
20033918
20034036
20034138
20034207
20034280
20034489
20034650
20034780
20034897
20035146
20035289
20035392
20035471
20033910
20022577
20035042
20034224
20034414
20035183
20034807
20033718
20034462
20034915
20034660
20034999
20034562
8221360
9115816
9116260
9116308
9116326
20033783
20034916
20034298
20034984
