20032062
20026537
20026727
20027927
20030316
20030502
20030608
20030850
20032052
20032204
20033415
20033589
20027810
20030397
20030976
20033492
20030646
20026517
20027932
20030262
20030746
20032200
20033325
20032149
20033379
20033579
20033694
8220747
20024346
20027923
20027940
20029034
20029055
20030212
20030238
20030291
20030312
20030336
20030433
20030482
20030546
20030635
20030857
20030998
20032276
20033574
20027913
20030215
20030632
20033691
20031001
20026726
20027891
20029026
20030288
20030461
20030634
20030901
20031022
20032248
20033455
20033619
20032205
20033393
20026548
20028025
20030416
20031011
20033572
20026489
20026696
20027820
20027962
20029130
20029131
20030439
20030466
20030622
20030692
20031007
20018054
20026750
20030716
20026724
20030388
20027975
20029059
20030265
20030442
20030592
20030832
20031013
20032233
20033408
20033604
20026602
20027807
20027999
20029070
20030289
20030444
20030541
20030619
20030826
20030955
20032102
20032245
20033335
20033431
20033587
20033490
20026647
20029053
20029105
20026535
20027935
20029088
20030285
20030454
20030618
20030820
20026712
20027903
20029092
20030342
20032038
20032234
20033491
20027895
20029068
20030735
20032191
20029062
20030179
20033370
20033667
20027855
20030472
20030803
20031017
20032106
20033326
20033424
20033493
20033559
20033616
8220753
8220902
9115670
8221237
20026516
20027876
20029061
20030450
20030587
20032040
20032215
20033553
20027834
20027995
20029132
20030187
20030445
20030494
20030670
20030778
20030918
20033327
20032051
20032250
20030952
20030417
20030641
20030889
20033476
20027916
8220796
8220809
8220845
20026533
20026732
20027901
20029083
20030338
20030462
20030621
20030848
20031032
20032246
20033398
20033576
20026538
20026701
20027845
20027900
20029097
20030331
20030441
20030579
20026658
20026791
20027933
20028002
20028016
20029028
20029089
20029138
20030295
20030389
20030539
20030548
20030711
20030924
20030925
20030944
20030996
20032174
20033314
20033360
20033428
20033462
20033505
20033570
20033649
20033416
20026597
20026794
20030185
20030339
20032284
20033458
20026706
20030551
20032070
20032211
20030181
20026545
20029065
20030283
20030452
20030599
20030860
20031023
20032232
20033409
20033566
20026762
20027936
20029064
20030296
20030474
20030647
20030909
20032066
20032242
20033420
20033611
20026736
20026591
20026802
20027931
20030155
20030275
20030491
20030671
20030946
20032089
20032269
20033474
20033659
20026556
20027837
20028007
20030174
20031014
20033628
20026550
20026792
20030639
20030892
20032254
20033447
20033615
20030542
8220750
8220783
8220827
8220906
8221124
8221176
9115671
9115676
9115679
8221231
8221264
8221285
20027846
20026551
20027885
20029084
20030207
20026587
20030158
20032298
20026650
20030234
20030480
20030730
20033346
20026513
20030458
20030810
20030875
20027805
20029082
20030558
20030822
8221276
8221287
20026638
20029046
8220754
8220834
8220904
8221120
8221173
9115664
9115677
9115662
9115684
8221228
8221263
8221302
20030891
20030932
20032129
8221212
20033446
20030699
20032255
20033610
20016861
20030509
20030620
20030884
20030922
20029135
20026684
20027838
20029035
20030236
20030401
20030585
20030742
20030989
20032187
20029100
20026796
20027944
20029134
20030516
20030522
20030637
20030824
20031020
20032256
20033413
20033564
20033670
20026695
20027907
20027951
20029067
20029121
20030267
20030313
20030448
20030475
20030802
20030893
20032061
20033425
20033651
20026731
20027896
20029079
20030282
20030455
20033421
20030756
20030292
20032091
20030894
20027950
20033318
20026590
20030630
20033337
20026577
20026774
20027961
20029120
20030340
20030517
20030663
20030876
20032054
20032283
20033472
20033588
20021220
20030714
20030737
20030492
20033402
20026756
8220828
20026547
20030237
20030371
8220755
8220782
8220844
8220958
8221123
9115546
9115623
9115635
9115689
8221223
8221270
8221310
20030610
20030611
20030800
20027911
20030591
20030594
20030902
8220731
9115686
20030544
20032080
20033330
20033427
20030235
8220768
8220770
8220780
20027937
20026770
20027879
20029038
20030231
20030387
20033575
20033699
20033700
20030868
8220764
9115549
8221238
20026754
20030233
20033488
20024927
20030673
20030188
20030307
20033321
20033394
20033565
20029060
20029069
20030402
20030567
20030782
20032094
20032236
20033395
20033495
20033590
20033666
20030869
20030930
8220765
8220836
20033403
20026639
20027912
20030577
20030600
20030839
20030929
20032087
20032230
20033320
20033581
20030146
20030332
20027982
20030886
8220757
8220799
8220824
8220903
8221177
9115665
8221233
8221297
20027867
20026666
20030311
20030933
20033684
